Window size (N): 45

Stock Preparation Summary
=========================
Valid Stocks: 2206
Skipped Stocks: 262

Details of Skipped Stocks can be found in logs.txt

--- Details for Stock: AMD ---
Ticker: AMD
Name: ADVANCED MICRO DEVICES INC
Sector: Information Technology
Announcement Date: 2026-02-03
Estimated EPS: 1.32
Actual EPS: 1.53
Surprise %: 15.9091
Group: Beat

--- Statistics for Group: beat ---

AAR Statistics:
   Day   E[AAR(t)]  AAR-STD(t)      t-stat95% CI Lower95% CI Upper
   -44      0.0026      0.0050      0.5160     -0.0072      0.0123
   -43      0.0000      0.0042      0.0062     -0.0083      0.0083
   -42      0.0004      0.0051      0.0728     -0.0096      0.0104
   -41      0.0012      0.0049      0.2382     -0.0084      0.0108
   -40      0.0005      0.0046      0.1154     -0.0084      0.0095
   -39      0.0011      0.0046      0.2486     -0.0079      0.0101
   -38     -0.0013      0.0045     -0.2989     -0.0101      0.0074
   -37      0.0016      0.0052      0.3015     -0.0086      0.0117
   -36      0.0014      0.0045      0.3071     -0.0075      0.0102
   -35      0.0019      0.0047      0.4087     -0.0073      0.0111
   -34      0.0054      0.0056      0.9716     -0.0055      0.0163
   -33      0.0003      0.0049      0.0523     -0.0093      0.0098
   -32     -0.0002      0.0044     -0.0401     -0.0089      0.0085
   -31     -0.0016      0.0048     -0.3300     -0.0110      0.0079
   -30      0.0003      0.0046      0.0614     -0.0088      0.0093
   -29      0.0030      0.0058      0.5135     -0.0084      0.0144
   -28      0.0031      0.0046      0.6760     -0.0060      0.0122
   -27     -0.0012      0.0053     -0.2321     -0.0116      0.0091
   -26      0.0019      0.0055      0.3389     -0.0089      0.0126
   -25     -0.0023      0.0070     -0.3303     -0.0161      0.0114
   -24      0.0005      0.0060      0.0871     -0.0112      0.0123
   -23     -0.0020      0.0049     -0.4154     -0.0115      0.0075
   -22     -0.0003      0.0055     -0.0540     -0.0111      0.0105
   -21      0.0004      0.0054      0.0773     -0.0101      0.0109
   -20     -0.0040      0.0049     -0.8201     -0.0136      0.0056
   -19     -0.0017      0.0057     -0.2932     -0.0128      0.0095
   -18     -0.0014      0.0051     -0.2786     -0.0115      0.0086
   -17     -0.0005      0.0042     -0.1235     -0.0088      0.0078
   -16     -0.0013      0.0051     -0.2483     -0.0114      0.0088
   -15     -0.0014      0.0055     -0.2504     -0.0121      0.0094
   -14     -0.0032      0.0064     -0.4990     -0.0158      0.0094
   -13      0.0010      0.0047      0.2170     -0.0082      0.0102
   -12      0.0010      0.0059      0.1656     -0.0105      0.0124
   -11      0.0006      0.0043      0.1287     -0.0079      0.0090
   -10      0.0014      0.0048      0.3040     -0.0079      0.0108
    -9      0.0005      0.0049      0.1006     -0.0090      0.0100
    -8      0.0001      0.0041      0.0186     -0.0080      0.0082
    -7     -0.0022      0.0049     -0.4504     -0.0118      0.0074
    -6      0.0021      0.0052      0.4048     -0.0080      0.0122
    -5     -0.0005      0.0037     -0.1412     -0.0078      0.0068
    -4      0.0015      0.0052      0.2816     -0.0087      0.0116
    -3      0.0006      0.0054      0.1136     -0.0100      0.0112
    -2     -0.0013      0.0047     -0.2765     -0.0106      0.0080
    -1      0.0007      0.0050      0.1303     -0.0092      0.0105
     0      0.0158      0.0127      1.2395     -0.0092      0.0408
     1      0.0108      0.0184      0.5860     -0.0253      0.0469
     2      0.0003      0.0073      0.0453     -0.0140      0.0146
     3     -0.0021      0.0074     -0.2882     -0.0166      0.0124
     4      0.0021      0.0068      0.3069     -0.0112      0.0154
     5      0.0010      0.0055      0.1766     -0.0098      0.0117
     6     -0.0015      0.0061     -0.2528     -0.0135      0.0104
     7      0.0002      0.0046      0.0410     -0.0089      0.0093
     8     -0.0006      0.0065     -0.0963     -0.0134      0.0122
     9     -0.0004      0.0053     -0.0673     -0.0107      0.0100
    10     -0.0027      0.0052     -0.5102     -0.0129      0.0075
    11     -0.0007      0.0045     -0.1468     -0.0095      0.0082
    12      0.0002      0.0047      0.0379     -0.0091      0.0095
    13      0.0010      0.0050      0.1963     -0.0088      0.0107
    14     -0.0009      0.0045     -0.1996     -0.0098      0.0080
    15      0.0008      0.0042      0.1929     -0.0074      0.0090
    16     -0.0017      0.0047     -0.3634     -0.0110      0.0076
    17      0.0006      0.0046      0.1196     -0.0085      0.0097
    18     -0.0015      0.0050     -0.3005     -0.0113      0.0083
    19     -0.0020      0.0058     -0.3365     -0.0134      0.0095
    20     -0.0017      0.0050     -0.3313     -0.0116      0.0082
    21     -0.0035      0.0051     -0.6842     -0.0134      0.0065
    22     -0.0039      0.0068     -0.5782     -0.0173      0.0094
    23      0.0020      0.0051      0.3861     -0.0081      0.0120
    24      0.0005      0.0062      0.0871     -0.0117      0.0127
    25      0.0002      0.0051      0.0338     -0.0098      0.0101
    26      0.0015      0.0047      0.3316     -0.0076      0.0107
    27      0.0015      0.0050      0.3022     -0.0083      0.0114
    28     -0.0010      0.0042     -0.2291     -0.0092      0.0073
    29     -0.0008      0.0054     -0.1572     -0.0114      0.0097
    30     -0.0014      0.0041     -0.3316     -0.0094      0.0067
    31      0.0010      0.0071      0.1459     -0.0128      0.0149
    32      0.0021      0.0065      0.3189     -0.0107      0.0148
    33      0.0013      0.0052      0.2460     -0.0089      0.0115
    34      0.0028      0.0068      0.4130     -0.0106      0.0162
    35      0.0030      0.0042      0.7180     -0.0052      0.0111
    36      0.0033      0.0049      0.6859     -0.0062      0.0129
    37     -0.0005      0.0051     -0.0954     -0.0105      0.0095
    38     -0.0011      0.0054     -0.1938     -0.0117      0.0096
    39     -0.0006      0.0054     -0.1106     -0.0112      0.0100
    40     -0.0020      0.0065     -0.3010     -0.0147      0.0108
    41      0.0002      0.0045      0.0453     -0.0086      0.0091
    42     -0.0012      0.0059     -0.1978     -0.0127      0.0104
    43     -0.0016      0.0050     -0.3233     -0.0114      0.0082
    44      0.0010      0.0051      0.1918     -0.0090      0.0109
    45      0.0022      0.0064      0.3357     -0.0104      0.0147

CAAR Statistics:
   Day  E[CAAR(t)] CAAR-STD(t)      t-stat95% CI Lower95% CI Upper
   -44      0.0026      0.0050      0.5160     -0.0072      0.0123
   -43      0.0026      0.0066      0.3925     -0.0103      0.0155
   -42      0.0030      0.0084      0.3509     -0.0135      0.0195
   -41      0.0041      0.0086      0.4792     -0.0127      0.0210
   -40      0.0046      0.0098      0.4756     -0.0145      0.0238
   -39      0.0058      0.0111      0.5218     -0.0160      0.0275
   -38      0.0045      0.0119      0.3736     -0.0189      0.0278
   -37      0.0060      0.0131      0.4580     -0.0197      0.0318
   -36      0.0074      0.0133      0.5552     -0.0187      0.0336
   -35      0.0093      0.0135      0.6899     -0.0172      0.0358
   -34      0.0147      0.0151      0.9752     -0.0149      0.0443
   -33      0.0150      0.0151      0.9899     -0.0147      0.0446
   -32      0.0148      0.0153      0.9672     -0.0152      0.0448
   -31      0.0132      0.0153      0.8603     -0.0169      0.0433
   -30      0.0135      0.0155      0.8727     -0.0168      0.0438
   -29      0.0165      0.0168      0.9804     -0.0165      0.0494
   -28      0.0196      0.0160      1.2286     -0.0117      0.0509
   -27      0.0184      0.0158      1.1662     -0.0125      0.0493
   -26      0.0202      0.0161      1.2586     -0.0113      0.0518
   -25      0.0179      0.0161      1.1151     -0.0136      0.0494
   -24      0.0184      0.0182      1.0151     -0.0172      0.0540
   -23      0.0164      0.0196      0.8389     -0.0219      0.0548
   -22      0.0161      0.0211      0.7639     -0.0252      0.0575
   -21      0.0165      0.0211      0.7820     -0.0249      0.0580
   -20      0.0125      0.0211      0.5925     -0.0289      0.0539
   -19      0.0108      0.0233      0.4662     -0.0347      0.0564
   -18      0.0094      0.0242      0.3894     -0.0380      0.0568
   -17      0.0089      0.0247      0.3595     -0.0396      0.0574
   -16      0.0076      0.0245      0.3114     -0.0403      0.0556
   -15      0.0062      0.0267      0.2338     -0.0461      0.0586
   -14      0.0030      0.0291      0.1047     -0.0539      0.0600
   -13      0.0041      0.0301      0.1346     -0.0550      0.0631
   -12      0.0050      0.0298      0.1689     -0.0533      0.0634
   -11      0.0056      0.0307      0.1818     -0.0546      0.0657
   -10      0.0070      0.0314      0.2237     -0.0546      0.0686
    -9      0.0075      0.0321      0.2341     -0.0554      0.0705
    -8      0.0076      0.0318      0.2391     -0.0547      0.0699
    -7      0.0054      0.0322      0.1673     -0.0577      0.0684
    -6      0.0075      0.0325      0.2298     -0.0563      0.0712
    -5      0.0069      0.0320      0.2173     -0.0557      0.0696
    -4      0.0084      0.0322      0.2608     -0.0547      0.0715
    -3      0.0090      0.0339      0.2656     -0.0575      0.0755
    -2      0.0077      0.0352      0.2188     -0.0613      0.0768
    -1      0.0084      0.0349      0.2396     -0.0600      0.0768
     0      0.0242      0.0372      0.6491     -0.0488      0.0971
     1      0.0349      0.0458      0.7633     -0.0548      0.1247
     2      0.0353      0.0453      0.7794     -0.0534      0.1240
     3      0.0331      0.0464      0.7150     -0.0577      0.1240
     4      0.0352      0.0451      0.7807     -0.0532      0.1237
     5      0.0362      0.0455      0.7962     -0.0529      0.1253
     6      0.0347      0.0455      0.7609     -0.0546      0.1239
     7      0.0348      0.0453      0.7698     -0.0539      0.1236
     8      0.0342      0.0463      0.7388     -0.0566      0.1250
     9      0.0339      0.0471      0.7192     -0.0584      0.1261
    10      0.0312      0.0478      0.6532     -0.0624      0.1248
    11      0.0305      0.0475      0.6431     -0.0625      0.1236
    12      0.0307      0.0473      0.6489     -0.0621      0.1235
    13      0.0317      0.0473      0.6698     -0.0610      0.1244
    14      0.0308      0.0485      0.6351     -0.0642      0.1258
    15      0.0316      0.0494      0.6389     -0.0653      0.1285
    16      0.0299      0.0496      0.6027     -0.0673      0.1270
    17      0.0304      0.0503      0.6053     -0.0681      0.1289
    18      0.0289      0.0498      0.5809     -0.0687      0.1265
    19      0.0270      0.0474      0.5682     -0.0660      0.1200
    20      0.0253      0.0471      0.5364     -0.0671      0.1177
    21      0.0218      0.0464      0.4703     -0.0691      0.1128
    22      0.0179      0.0487      0.3674     -0.0776      0.1134
    23      0.0199      0.0487      0.4080     -0.0756      0.1154
    24      0.0204      0.0511      0.3994     -0.0798      0.1206
    25      0.0206      0.0513      0.4013     -0.0800      0.1211
    26      0.0221      0.0524      0.4224     -0.0806      0.1248
    27      0.0237      0.0534      0.4429     -0.0810      0.1283
    28      0.0227      0.0544      0.4174     -0.0839      0.1292
    29      0.0218      0.0551      0.3961     -0.0862      0.1299
    30      0.0205      0.0544      0.3763     -0.0862      0.1272
    31      0.0215      0.0552      0.3900     -0.0866      0.1296
    32      0.0236      0.0533      0.4429     -0.0808      0.1280
    33      0.0249      0.0552      0.4508     -0.0833      0.1330
    34      0.0277      0.0552      0.5015     -0.0805      0.1359
    35      0.0307      0.0557      0.5504     -0.0785      0.1399
    36      0.0340      0.0537      0.6333     -0.0713      0.1393
    37      0.0335      0.0544      0.6162     -0.0731      0.1402
    38      0.0325      0.0530      0.6123     -0.0715      0.1364
    39      0.0319      0.0528      0.6035     -0.0717      0.1354
    40      0.0299      0.0512      0.5846     -0.0704      0.1303
    41      0.0301      0.0516      0.5839     -0.0710      0.1313
    42      0.0290      0.0504      0.5748     -0.0698      0.1277
    43      0.0274      0.0515      0.5314     -0.0735      0.1282
    44      0.0283      0.0521      0.5438     -0.0738      0.1304
    45      0.0305      0.0519      0.5869     -0.0713      0.1323

--- Statistics for Group: meet ---

AAR Statistics:
   Day   E[AAR(t)]  AAR-STD(t)      t-stat95% CI Lower95% CI Upper
   -44      0.0012      0.0031      0.3757     -0.0049      0.0072
   -43     -0.0000      0.0029     -0.0016     -0.0056      0.0056
   -42     -0.0002      0.0034     -0.0680     -0.0069      0.0064
   -41      0.0004      0.0031      0.1325     -0.0056      0.0064
   -40      0.0002      0.0036      0.0672     -0.0068      0.0072
   -39     -0.0003      0.0036     -0.0700     -0.0073      0.0068
   -38      0.0008      0.0039      0.2052     -0.0069      0.0085
   -37      0.0001      0.0035      0.0207     -0.0069      0.0070
   -36      0.0015      0.0038      0.4034     -0.0059      0.0090
   -35      0.0006      0.0055      0.1117     -0.0102      0.0114
   -34      0.0027      0.0043      0.6214     -0.0058      0.0112
   -33      0.0009      0.0041      0.2142     -0.0072      0.0090
   -32      0.0002      0.0048      0.0392     -0.0093      0.0097
   -31      0.0012      0.0046      0.2598     -0.0078      0.0102
   -30      0.0023      0.0039      0.5836     -0.0053      0.0098
   -29      0.0009      0.0040      0.2218     -0.0069      0.0087
   -28      0.0005      0.0033      0.1454     -0.0060      0.0069
   -27      0.0004      0.0032      0.1185     -0.0059      0.0067
   -26      0.0001      0.0038      0.0345     -0.0073      0.0075
   -25      0.0001      0.0033      0.0170     -0.0065      0.0066
   -24      0.0013      0.0031      0.4229     -0.0048      0.0074
   -23     -0.0016      0.0037     -0.4238     -0.0088      0.0057
   -22      0.0004      0.0033      0.1305     -0.0061      0.0070
   -21     -0.0001      0.0041     -0.0267     -0.0082      0.0080
   -20     -0.0007      0.0035     -0.1984     -0.0074      0.0061
   -19      0.0004      0.0032      0.1204     -0.0060      0.0068
   -18      0.0006      0.0046      0.1359     -0.0084      0.0097
   -17     -0.0004      0.0045     -0.0797     -0.0092      0.0085
   -16      0.0006      0.0049      0.1227     -0.0091      0.0103
   -15      0.0016      0.0042      0.3773     -0.0066      0.0098
   -14     -0.0002      0.0052     -0.0301     -0.0103      0.0100
   -13      0.0013      0.0039      0.3389     -0.0063      0.0089
   -12     -0.0010      0.0044     -0.2195     -0.0096      0.0077
   -11     -0.0007      0.0054     -0.1296     -0.0113      0.0099
   -10     -0.0014      0.0054     -0.2610     -0.0119      0.0091
    -9     -0.0000      0.0045     -0.0062     -0.0088      0.0087
    -8     -0.0000      0.0048     -0.0062     -0.0095      0.0094
    -7      0.0003      0.0054      0.0465     -0.0103      0.0108
    -6      0.0016      0.0041      0.3991     -0.0064      0.0096
    -5     -0.0001      0.0042     -0.0288     -0.0084      0.0082
    -4      0.0021      0.0040      0.5115     -0.0058      0.0099
    -3     -0.0002      0.0044     -0.0370     -0.0088      0.0085
    -2     -0.0027      0.0050     -0.5436     -0.0126      0.0071
    -1     -0.0010      0.0047     -0.2192     -0.0103      0.0082
     0      0.0009      0.0114      0.0794     -0.0214      0.0232
     1     -0.0010      0.0090     -0.1096     -0.0187      0.0167
     2      0.0009      0.0053      0.1677     -0.0096      0.0114
     3      0.0036      0.0046      0.7708     -0.0055      0.0126
     4     -0.0006      0.0046     -0.1410     -0.0096      0.0083
     5      0.0014      0.0045      0.3068     -0.0075      0.0103
     6      0.0024      0.0054      0.4455     -0.0082      0.0130
     7      0.0023      0.0035      0.6419     -0.0047      0.0092
     8     -0.0000      0.0049     -0.0084     -0.0097      0.0096
     9     -0.0010      0.0040     -0.2363     -0.0089      0.0070
    10     -0.0017      0.0039     -0.4437     -0.0094      0.0059
    11     -0.0013      0.0040     -0.3202     -0.0091      0.0065
    12      0.0005      0.0039      0.1403     -0.0070      0.0081
    13     -0.0000      0.0038     -0.0069     -0.0076      0.0075
    14     -0.0004      0.0042     -0.0955     -0.0086      0.0078
    15     -0.0005      0.0046     -0.1000     -0.0094      0.0085
    16     -0.0009      0.0041     -0.2076     -0.0090      0.0073
    17      0.0010      0.0037      0.2706     -0.0062      0.0082
    18     -0.0033      0.0046     -0.7194     -0.0123      0.0057
    19     -0.0017      0.0043     -0.3992     -0.0102      0.0068
    20      0.0006      0.0035      0.1866     -0.0061      0.0074
    21     -0.0019      0.0036     -0.5337     -0.0091      0.0052
    22     -0.0032      0.0039     -0.8405     -0.0108      0.0043
    23      0.0009      0.0047      0.1906     -0.0083      0.0101
    24     -0.0011      0.0043     -0.2550     -0.0096      0.0074
    25     -0.0018      0.0043     -0.4109     -0.0102      0.0067
    26     -0.0017      0.0038     -0.4386     -0.0091      0.0058
    27      0.0002      0.0036      0.0573     -0.0069      0.0073
    28     -0.0012      0.0040     -0.3029     -0.0091      0.0067
    29     -0.0014      0.0049     -0.2956     -0.0110      0.0081
    30     -0.0016      0.0038     -0.4226     -0.0090      0.0058
    31     -0.0009      0.0037     -0.2283     -0.0082      0.0065
    32     -0.0013      0.0057     -0.2199     -0.0124      0.0099
    33      0.0003      0.0043      0.0738     -0.0080      0.0087
    34     -0.0008      0.0044     -0.1881     -0.0094      0.0077
    35     -0.0014      0.0041     -0.3331     -0.0093      0.0066
    36      0.0001      0.0118      0.0121     -0.0230      0.0233
    37     -0.0019      0.0055     -0.3444     -0.0126      0.0088
    38     -0.0014      0.0044     -0.3226     -0.0101      0.0073
    39     -0.0010      0.0044     -0.2332     -0.0097      0.0077
    40     -0.0005      0.0039     -0.1309     -0.0082      0.0072
    41     -0.0022      0.0050     -0.4505     -0.0120      0.0075
    42     -0.0012      0.0044     -0.2733     -0.0097      0.0073
    43     -0.0037      0.0049     -0.7528     -0.0132      0.0059
    44     -0.0033      0.0051     -0.6382     -0.0132      0.0067
    45      0.0013      0.0050      0.2567     -0.0086      0.0112

CAAR Statistics:
   Day  E[CAAR(t)] CAAR-STD(t)      t-stat95% CI Lower95% CI Upper
   -44      0.0012      0.0031      0.3757     -0.0049      0.0072
   -43      0.0011      0.0045      0.2537     -0.0077      0.0100
   -42      0.0009      0.0059      0.1561     -0.0106      0.0124
   -41      0.0013      0.0060      0.2195     -0.0105      0.0131
   -40      0.0016      0.0084      0.1860     -0.0149      0.0180
   -39      0.0013      0.0080      0.1634     -0.0144      0.0170
   -38      0.0021      0.0097      0.2170     -0.0170      0.0212
   -37      0.0022      0.0101      0.2166     -0.0176      0.0220
   -36      0.0037      0.0108      0.3459     -0.0174      0.0248
   -35      0.0043      0.0124      0.3490     -0.0200      0.0287
   -34      0.0070      0.0133      0.5266     -0.0191      0.0332
   -33      0.0079      0.0131      0.6052     -0.0177      0.0335
   -32      0.0081      0.0144      0.5604     -0.0202      0.0364
   -31      0.0093      0.0159      0.5849     -0.0218      0.0404
   -30      0.0115      0.0157      0.7336     -0.0193      0.0424
   -29      0.0124      0.0163      0.7616     -0.0195      0.0444
   -28      0.0129      0.0175      0.7368     -0.0214      0.0472
   -27      0.0133      0.0179      0.7412     -0.0218      0.0484
   -26      0.0134      0.0176      0.7600     -0.0212      0.0480
   -25      0.0135      0.0173      0.7798     -0.0204      0.0473
   -24      0.0148      0.0177      0.8375     -0.0198      0.0494
   -23      0.0132      0.0169      0.7823     -0.0199      0.0463
   -22      0.0136      0.0172      0.7957     -0.0200      0.0473
   -21      0.0135      0.0176      0.7679     -0.0210      0.0481
   -20      0.0129      0.0181      0.7090     -0.0227      0.0484
   -19      0.0132      0.0190      0.6960     -0.0241      0.0505
   -18      0.0139      0.0191      0.7254     -0.0236      0.0514
   -17      0.0135      0.0193      0.6991     -0.0244      0.0514
   -16      0.0141      0.0210      0.6721     -0.0271      0.0553
   -15      0.0157      0.0207      0.7590     -0.0248      0.0562
   -14      0.0155      0.0212      0.7341     -0.0260      0.0570
   -13      0.0169      0.0229      0.7363     -0.0280      0.0617
   -12      0.0159      0.0220      0.7208     -0.0273      0.0591
   -11      0.0152      0.0223      0.6803     -0.0286      0.0589
   -10      0.0138      0.0239      0.5755     -0.0332      0.0607
    -9      0.0138      0.0242      0.5673     -0.0338      0.0613
    -8      0.0137      0.0257      0.5347     -0.0366      0.0640
    -7      0.0140      0.0272      0.5131     -0.0394      0.0674
    -6      0.0156      0.0277      0.5628     -0.0387      0.0700
    -5      0.0155      0.0285      0.5439     -0.0403      0.0713
    -4      0.0175      0.0291      0.6038     -0.0394      0.0745
    -3      0.0174      0.0305      0.5692     -0.0425      0.0772
    -2      0.0146      0.0316      0.4627     -0.0474      0.0766
    -1      0.0136      0.0304      0.4469     -0.0461      0.0733
     0      0.0145      0.0309      0.4689     -0.0461      0.0751
     1      0.0135      0.0337      0.4009     -0.0526      0.0796
     2      0.0144      0.0348      0.4139     -0.0538      0.0826
     3      0.0180      0.0352      0.5097     -0.0511      0.0870
     4      0.0173      0.0357      0.4857     -0.0526      0.0872
     5      0.0187      0.0370      0.5057     -0.0538      0.0912
     6      0.0211      0.0390      0.5409     -0.0554      0.0976
     7      0.0234      0.0393      0.5945     -0.0537      0.1005
     8      0.0234      0.0394      0.5934     -0.0538      0.1005
     9      0.0224      0.0398      0.5623     -0.0557      0.1005
    10      0.0207      0.0404      0.5109     -0.0586      0.0999
    11      0.0194      0.0394      0.4918     -0.0579      0.0966
    12      0.0199      0.0401      0.4972     -0.0586      0.0985
    13      0.0199      0.0400      0.4979     -0.0584      0.0982
    14      0.0195      0.0395      0.4940     -0.0579      0.0969
    15      0.0190      0.0396      0.4813     -0.0585      0.0966
    16      0.0182      0.0378      0.4806     -0.0560      0.0923
    17      0.0192      0.0379      0.5053     -0.0552      0.0936
    18      0.0159      0.0386      0.4113     -0.0598      0.0915
    19      0.0141      0.0381      0.3716     -0.0605      0.0887
    20      0.0148      0.0384      0.3850     -0.0605      0.0901
    21      0.0128      0.0383      0.3356     -0.0622      0.0879
    22      0.0096      0.0379      0.2532     -0.0648      0.0840
    23      0.0105      0.0386      0.2721     -0.0652      0.0862
    24      0.0094      0.0400      0.2352     -0.0690      0.0878
    25      0.0076      0.0398      0.1918     -0.0703      0.0856
    26      0.0060      0.0402      0.1481     -0.0729      0.0848
    27      0.0062      0.0406      0.1519     -0.0734      0.0857
    28      0.0049      0.0409      0.1210     -0.0751      0.0850
    29      0.0035      0.0418      0.0837     -0.0784      0.0854
    30      0.0019      0.0421      0.0451     -0.0806      0.0844
    31      0.0010      0.0424      0.0245     -0.0821      0.0842
    32     -0.0002      0.0432     -0.0049     -0.0850      0.0846
    33      0.0001      0.0423      0.0024     -0.0829      0.0831
    34     -0.0007      0.0426     -0.0169     -0.0843      0.0829
    35     -0.0021      0.0422     -0.0492     -0.0847      0.0805
    36     -0.0019      0.0433     -0.0446     -0.0867      0.0829
    37     -0.0038      0.0436     -0.0874     -0.0893      0.0817
    38     -0.0052      0.0442     -0.1187     -0.0919      0.0814
    39     -0.0063      0.0448     -0.1401     -0.0942      0.0816
    40     -0.0068      0.0454     -0.1496     -0.0958      0.0822
    41     -0.0090      0.0465     -0.1941     -0.1002      0.0821
    42     -0.0102      0.0464     -0.2202     -0.1011      0.0807
    43     -0.0139      0.0478     -0.2904     -0.1076      0.0798
    44     -0.0171      0.0484     -0.3543     -0.1119      0.0776
    45     -0.0158      0.0484     -0.3269     -0.1108      0.0791

--- Statistics for Group: miss ---

AAR Statistics:
   Day   E[AAR(t)]  AAR-STD(t)      t-stat95% CI Lower95% CI Upper
   -44      0.0022      0.0045      0.4977     -0.0065      0.0110
   -43     -0.0004      0.0045     -0.0848     -0.0091      0.0084
   -42      0.0018      0.0042      0.4223     -0.0065      0.0101
   -41      0.0005      0.0041      0.1302     -0.0074      0.0085
   -40      0.0010      0.0041      0.2385     -0.0070      0.0090
   -39     -0.0015      0.0050     -0.2975     -0.0112      0.0083
   -38      0.0017      0.0052      0.3273     -0.0085      0.0119
   -37      0.0003      0.0053      0.0540     -0.0102      0.0108
   -36      0.0031      0.0102      0.3016     -0.0169      0.0230
   -35      0.0024      0.0033      0.7182     -0.0041      0.0089
   -34      0.0007      0.0051      0.1310     -0.0093      0.0106
   -33      0.0006      0.0042      0.1522     -0.0076      0.0089
   -32     -0.0002      0.0045     -0.0362     -0.0090      0.0086
   -31      0.0027      0.0073      0.3653     -0.0116      0.0170
   -30      0.0001      0.0044      0.0319     -0.0085      0.0087
   -29      0.0026      0.0045      0.5691     -0.0063      0.0114
   -28      0.0018      0.0056      0.3299     -0.0091      0.0127
   -27      0.0010      0.0048      0.2076     -0.0083      0.0103
   -26     -0.0003      0.0044     -0.0604     -0.0089      0.0083
   -25     -0.0014      0.0056     -0.2528     -0.0123      0.0095
   -24     -0.0005      0.0052     -0.1035     -0.0107      0.0097
   -23     -0.0008      0.0044     -0.1735     -0.0093      0.0078
   -22     -0.0021      0.0052     -0.4074     -0.0124      0.0081
   -21     -0.0001      0.0049     -0.0124     -0.0097      0.0095
   -20     -0.0002      0.0059     -0.0287     -0.0118      0.0115
   -19     -0.0005      0.0047     -0.1071     -0.0097      0.0087
   -18     -0.0021      0.0051     -0.4085     -0.0121      0.0079
   -17      0.0000      0.0062      0.0056     -0.0121      0.0122
   -16     -0.0014      0.0079     -0.1751     -0.0169      0.0141
   -15      0.0000      0.0073      0.0049     -0.0142      0.0143
   -14     -0.0013      0.0058     -0.2232     -0.0127      0.0101
   -13      0.0012      0.0054      0.2297     -0.0093      0.0118
   -12     -0.0008      0.0058     -0.1343     -0.0122      0.0107
   -11     -0.0037      0.0053     -0.6943     -0.0142      0.0068
   -10      0.0011      0.0047      0.2452     -0.0080      0.0103
    -9      0.0008      0.0055      0.1461     -0.0100      0.0116
    -8      0.0023      0.0052      0.4455     -0.0078      0.0124
    -7     -0.0004      0.0040     -0.0962     -0.0082      0.0075
    -6      0.0047      0.0045      1.0269     -0.0042      0.0136
    -5      0.0000      0.0057      0.0027     -0.0112      0.0112
    -4     -0.0010      0.0042     -0.2414     -0.0093      0.0073
    -3     -0.0007      0.0049     -0.1482     -0.0103      0.0088
    -2     -0.0015      0.0050     -0.3045     -0.0113      0.0083
    -1     -0.0023      0.0059     -0.3844     -0.0138      0.0093
     0     -0.0121      0.0114     -1.0598     -0.0344      0.0103
     1     -0.0161      0.0197     -0.8161     -0.0547      0.0225
     2     -0.0015      0.0063     -0.2436     -0.0139      0.0108
     3     -0.0017      0.0051     -0.3433     -0.0117      0.0082
     4      0.0019      0.0052      0.3655     -0.0083      0.0120
     5      0.0008      0.0048      0.1602     -0.0087      0.0102
     6     -0.0010      0.0064     -0.1582     -0.0135      0.0115
     7     -0.0016      0.0063     -0.2596     -0.0141      0.0108
     8     -0.0022      0.0045     -0.4897     -0.0111      0.0066
     9     -0.0016      0.0050     -0.3098     -0.0114      0.0083
    10     -0.0008      0.0042     -0.1843     -0.0090      0.0074
    11     -0.0004      0.0056     -0.0637     -0.0113      0.0106
    12     -0.0026      0.0097     -0.2724     -0.0216      0.0163
    13     -0.0007      0.0041     -0.1798     -0.0089      0.0074
    14     -0.0034      0.0045     -0.7487     -0.0122      0.0055
    15     -0.0027      0.0054     -0.5111     -0.0132      0.0078
    16     -0.0018      0.0051     -0.3588     -0.0117      0.0081
    17     -0.0019      0.0059     -0.3182     -0.0134      0.0097
    18      0.0011      0.0066      0.1665     -0.0119      0.0141
    19     -0.0012      0.0056     -0.2126     -0.0123      0.0099
    20      0.0001      0.0042      0.0262     -0.0082      0.0084
    21     -0.0005      0.0052     -0.0879     -0.0107      0.0097
    22      0.0005      0.0069      0.0767     -0.0130      0.0141
    23     -0.0011      0.0048     -0.2250     -0.0106      0.0084
    24     -0.0009      0.0046     -0.2073     -0.0099      0.0080
    25      0.0010      0.0057      0.1770     -0.0101      0.0121
    26     -0.0001      0.0054     -0.0192     -0.0106      0.0104
    27     -0.0006      0.0054     -0.1123     -0.0112      0.0100
    28      0.0003      0.0047      0.0714     -0.0089      0.0096
    29     -0.0001      0.0065     -0.0211     -0.0128      0.0126
    30     -0.0003      0.0053     -0.0531     -0.0107      0.0101
    31      0.0015      0.0049      0.3000     -0.0081      0.0110
    32      0.0018      0.0056      0.3143     -0.0092      0.0127
    33     -0.0010      0.0052     -0.1911     -0.0111      0.0091
    34     -0.0015      0.0053     -0.2766     -0.0119      0.0089
    35      0.0002      0.0044      0.0516     -0.0084      0.0088
    36      0.0001      0.0049      0.0176     -0.0094      0.0096
    37      0.0009      0.0045      0.1952     -0.0080      0.0098
    38     -0.0018      0.0061     -0.2946     -0.0138      0.0102
    39     -0.0031      0.0063     -0.4933     -0.0154      0.0092
    40      0.0001      0.0064      0.0232     -0.0124      0.0127
    41      0.0002      0.0044      0.0486     -0.0084      0.0089
    42     -0.0025      0.0053     -0.4814     -0.0128      0.0078
    43     -0.0020      0.0048     -0.4120     -0.0114      0.0075
    44     -0.0006      0.0056     -0.1087     -0.0115      0.0103
    45      0.0008      0.0065      0.1246     -0.0119      0.0135

CAAR Statistics:
   Day  E[CAAR(t)] CAAR-STD(t)      t-stat95% CI Lower95% CI Upper
   -44      0.0022      0.0045      0.4977     -0.0065      0.0110
   -43      0.0018      0.0060      0.3079     -0.0099      0.0136
   -42      0.0036      0.0079      0.4606     -0.0118      0.0191
   -41      0.0042      0.0084      0.4949     -0.0123      0.0207
   -40      0.0051      0.0100      0.5123     -0.0145      0.0248
   -39      0.0037      0.0112      0.3275     -0.0183      0.0256
   -38      0.0054      0.0130      0.4115     -0.0202      0.0309
   -37      0.0057      0.0118      0.4795     -0.0175      0.0288
   -36      0.0087      0.0168      0.5179     -0.0243      0.0417
   -35      0.0111      0.0172      0.6456     -0.0226      0.0448
   -34      0.0118      0.0173      0.6801     -0.0221      0.0457
   -33      0.0124      0.0170      0.7282     -0.0210      0.0458
   -32      0.0122      0.0174      0.7051     -0.0218      0.0463
   -31      0.0149      0.0192      0.7760     -0.0228      0.0526
   -30      0.0151      0.0190      0.7906     -0.0223      0.0524
   -29      0.0176      0.0187      0.9429     -0.0190      0.0542
   -28      0.0195      0.0201      0.9699     -0.0199      0.0588
   -27      0.0204      0.0211      0.9696     -0.0209      0.0618
   -26      0.0202      0.0213      0.9474     -0.0216      0.0619
   -25      0.0188      0.0210      0.8916     -0.0225      0.0600
   -24      0.0182      0.0221      0.8248     -0.0251      0.0615
   -23      0.0175      0.0216      0.8107     -0.0248      0.0597
   -22      0.0153      0.0231      0.6650     -0.0299      0.0606
   -21      0.0153      0.0229      0.6685     -0.0295      0.0601
   -20      0.0151      0.0216      0.6990     -0.0273      0.0575
   -19      0.0146      0.0216      0.6754     -0.0278      0.0570
   -18      0.0125      0.0236      0.5298     -0.0338      0.0589
   -17      0.0126      0.0246      0.5108     -0.0356      0.0608
   -16      0.0112      0.0232      0.4818     -0.0343      0.0566
   -15      0.0112      0.0251      0.4467     -0.0380      0.0604
   -14      0.0099      0.0256      0.3878     -0.0402      0.0600
   -13      0.0111      0.0266      0.4189     -0.0410      0.0633
   -12      0.0104      0.0270      0.3839     -0.0425      0.0632
   -11      0.0067      0.0288      0.2314     -0.0497      0.0630
   -10      0.0078      0.0295      0.2643     -0.0500      0.0656
    -9      0.0086      0.0301      0.2860     -0.0504      0.0676
    -8      0.0109      0.0308      0.3543     -0.0494      0.0712
    -7      0.0105      0.0314      0.3347     -0.0511      0.0721
    -6      0.0152      0.0310      0.4897     -0.0456      0.0760
    -5      0.0152      0.0312      0.4867     -0.0460      0.0764
    -4      0.0142      0.0311      0.4554     -0.0469      0.0752
    -3      0.0135      0.0314      0.4284     -0.0481      0.0750
    -2      0.0119      0.0321      0.3718     -0.0510      0.0749
    -1      0.0097      0.0340      0.2844     -0.0570      0.0764
     0     -0.0024      0.0335     -0.0716     -0.0680      0.0632
     1     -0.0185      0.0314     -0.5872     -0.0801      0.0432
     2     -0.0200      0.0325     -0.6150     -0.0837      0.0437
     3     -0.0217      0.0329     -0.6612     -0.0862      0.0427
     4     -0.0199      0.0334     -0.5940     -0.0854      0.0457
     5     -0.0191      0.0334     -0.5719     -0.0845      0.0463
     6     -0.0201      0.0328     -0.6129     -0.0843      0.0441
     7     -0.0217      0.0331     -0.6567     -0.0866      0.0431
     8     -0.0239      0.0337     -0.7112     -0.0899      0.0420
     9     -0.0255      0.0341     -0.7473     -0.0924      0.0414
    10     -0.0263      0.0347     -0.7563     -0.0943      0.0418
    11     -0.0266      0.0360     -0.7387     -0.0973      0.0440
    12     -0.0293      0.0369     -0.7936     -0.1015      0.0430
    13     -0.0300      0.0364     -0.8232     -0.1014      0.0414
    14     -0.0334      0.0369     -0.9039     -0.1057      0.0390
    15     -0.0361      0.0376     -0.9605     -0.1098      0.0376
    16     -0.0379      0.0369     -1.0275     -0.1103      0.0344
    17     -0.0398      0.0395     -1.0067     -0.1173      0.0377
    18     -0.0387      0.0391     -0.9907     -0.1153      0.0379
    19     -0.0399      0.0387     -1.0308     -0.1158      0.0360
    20     -0.0398      0.0392     -1.0160     -0.1165      0.0370
    21     -0.0402      0.0397     -1.0124     -0.1182      0.0377
    22     -0.0397      0.0396     -1.0016     -0.1174      0.0380
    23     -0.0408      0.0395     -1.0320     -0.1183      0.0367
    24     -0.0417      0.0403     -1.0369     -0.1207      0.0372
    25     -0.0407      0.0409     -0.9967     -0.1209      0.0394
    26     -0.0408      0.0405     -1.0073     -0.1203      0.0386
    27     -0.0415      0.0425     -0.9759     -0.1247      0.0418
    28     -0.0411      0.0432     -0.9521     -0.1258      0.0435
    29     -0.0413      0.0426     -0.9685     -0.1247      0.0422
    30     -0.0415      0.0424     -0.9799     -0.1246      0.0415
    31     -0.0401      0.0426     -0.9401     -0.1236      0.0435
    32     -0.0383      0.0437     -0.8765     -0.1240      0.0474
    33     -0.0393      0.0436     -0.9015     -0.1247      0.0461
    34     -0.0408      0.0450     -0.9067     -0.1289      0.0474
    35     -0.0405      0.0451     -0.8997     -0.1289      0.0478
    36     -0.0405      0.0457     -0.8852     -0.1300      0.0491
    37     -0.0396      0.0450     -0.8799     -0.1277      0.0486
    38     -0.0414      0.0461     -0.8974     -0.1318      0.0490
    39     -0.0445      0.0450     -0.9878     -0.1327      0.0438
    40     -0.0443      0.0428     -1.0348     -0.1283      0.0396
    41     -0.0441      0.0431     -1.0236     -0.1286      0.0404
    42     -0.0466      0.0441     -1.0582     -0.1330      0.0397
    43     -0.0486      0.0440     -1.1059     -0.1348      0.0376
    44     -0.0492      0.0459     -1.0734     -0.1391      0.0407
    45     -0.0484      0.0478     -1.0139     -0.1421      0.0452

--- Sector Summary Report ---
---------------------------------------------------------------------------------------------------------
Sector                                  Total  Excluded  Included      Beat      Meet      Miss
---------------------------------------------------------------------------------------------------------
Communication                             100         4        96        32        32        32
Consumer Discretionary                    261        10       251        84        84        83
Consumer Staples                           83         2        81        27        27        27
Energy                                    110         4       106        36        35        35
Financials                                332        12       320       107       107       106
Health Care                               383        14       369       123       123       123
Industrials                               342        12       330       110       110       110
Information Technology                    295        10       285        95        95        95
Materials                                 102         4        98        33        33        32
Real Estate                               134         4       130        44        43        43
Utilities                                  64         2        62        21        21        20
---------------------------------------------------------------------------------------------------------
All Sectors                              2206        78      2128       712       710       706
---------------------------------------------------------------------------------------------------------
