Window size (N): 30

Stock Preparation Summary
=========================
Valid Stocks: 2398
Skipped Stocks: 70

Details of Skipped Stocks can be found in logs.txt

--- Details for Stock: T ---
Ticker: T
Name: AT&T INC
Sector: Communication
Announcement Date: 2026-01-28
Estimated EPS: 0.47
Actual EPS: 0.52
Surprise %: 10.6383
Group: Beat

--- Statistics for Group: beat ---

AAR Statistics:
   Day   E[AAR(t)]  AAR-STD(t)      t-stat95% CI Lower95% CI Upper
   -29      0.0011      0.0057      0.1938     -0.0102      0.0124
   -28      0.0021      0.0042      0.4931     -0.0062      0.0104
   -27     -0.0005      0.0044     -0.1184     -0.0091      0.0080
   -26      0.0014      0.0056      0.2527     -0.0095      0.0123
   -25     -0.0025      0.0069     -0.3573     -0.0161      0.0111
   -24      0.0003      0.0051      0.0530     -0.0098      0.0103
   -23     -0.0001      0.0040     -0.0185     -0.0080      0.0078
   -22      0.0001      0.0045      0.0123     -0.0088      0.0089
   -21      0.0000      0.0048      0.0061     -0.0094      0.0095
   -20     -0.0032      0.0045     -0.7024     -0.0120      0.0057
   -19     -0.0023      0.0051     -0.4601     -0.0124      0.0077
   -18     -0.0008      0.0046     -0.1842     -0.0098      0.0081
   -17     -0.0004      0.0053     -0.0687     -0.0107      0.0100
   -16     -0.0000      0.0058     -0.0038     -0.0113      0.0113
   -15     -0.0013      0.0044     -0.2953     -0.0098      0.0073
   -14     -0.0011      0.0056     -0.1978     -0.0122      0.0099
   -13     -0.0005      0.0052     -0.1036     -0.0108      0.0097
   -12     -0.0002      0.0048     -0.0348     -0.0097      0.0093
   -11      0.0002      0.0051      0.0321     -0.0099      0.0102
   -10      0.0011      0.0047      0.2368     -0.0080      0.0103
    -9      0.0002      0.0054      0.0403     -0.0103      0.0107
    -8     -0.0008      0.0064     -0.1316     -0.0133      0.0116
    -7     -0.0021      0.0060     -0.3397     -0.0139      0.0098
    -6      0.0006      0.0054      0.1188     -0.0099      0.0112
    -5      0.0002      0.0049      0.0365     -0.0094      0.0097
    -4      0.0025      0.0047      0.5383     -0.0067      0.0117
    -3     -0.0015      0.0051     -0.2904     -0.0114      0.0084
    -2     -0.0014      0.0049     -0.2844     -0.0110      0.0082
    -1      0.0016      0.0059      0.2687     -0.0100      0.0132
     0      0.0138      0.0127      1.0839     -0.0111      0.0387
     1      0.0137      0.0158      0.8698     -0.0172      0.0447
     2      0.0005      0.0075      0.0701     -0.0143      0.0153
     3     -0.0010      0.0054     -0.1864     -0.0116      0.0096
     4      0.0002      0.0056      0.0276     -0.0108      0.0111
     5      0.0027      0.0048      0.5651     -0.0068      0.0122
     6      0.0013      0.0055      0.2348     -0.0095      0.0121
     7      0.0004      0.0048      0.0895     -0.0090      0.0099
     8     -0.0008      0.0056     -0.1497     -0.0117      0.0101
     9      0.0013      0.0047      0.2644     -0.0080      0.0105
    10      0.0013      0.0066      0.2047     -0.0115      0.0142
    11     -0.0008      0.0045     -0.1732     -0.0095      0.0080
    12      0.0015      0.0048      0.3105     -0.0079      0.0109
    13      0.0003      0.0053      0.0621     -0.0100      0.0106
    14      0.0009      0.0047      0.1923     -0.0083      0.0101
    15      0.0011      0.0048      0.2269     -0.0083      0.0104
    16     -0.0007      0.0048     -0.1359     -0.0102      0.0088
    17     -0.0013      0.0046     -0.2945     -0.0103      0.0076
    18     -0.0020      0.0055     -0.3633     -0.0127      0.0088
    19     -0.0026      0.0049     -0.5293     -0.0121      0.0070
    20     -0.0023      0.0050     -0.4578     -0.0121      0.0075
    21     -0.0022      0.0050     -0.4424     -0.0121      0.0076
    22     -0.0017      0.0060     -0.2852     -0.0135      0.0101
    23      0.0027      0.0054      0.5013     -0.0079      0.0133
    24      0.0008      0.0065      0.1282     -0.0119      0.0136
    25     -0.0001      0.0046     -0.0241     -0.0092      0.0090
    26      0.0005      0.0046      0.1148     -0.0084      0.0095
    27      0.0014      0.0059      0.2357     -0.0102      0.0130
    28      0.0002      0.0049      0.0332     -0.0094      0.0097
    29     -0.0008      0.0045     -0.1878     -0.0096      0.0079
    30     -0.0015      0.0050     -0.3087     -0.0114      0.0083

CAAR Statistics:
   Day  E[CAAR(t)] CAAR-STD(t)      t-stat95% CI Lower95% CI Upper
   -29      0.0011      0.0057      0.1938     -0.0102      0.0124
   -28      0.0032      0.0080      0.4024     -0.0124      0.0188
   -27      0.0027      0.0091      0.2956     -0.0152      0.0205
   -26      0.0041      0.0102      0.4010     -0.0159      0.0241
   -25      0.0016      0.0121      0.1340     -0.0221      0.0253
   -24      0.0019      0.0142      0.1333     -0.0259      0.0297
   -23      0.0018      0.0149      0.1219     -0.0274      0.0311
   -22      0.0019      0.0166      0.1132     -0.0306      0.0343
   -21      0.0019      0.0180      0.1055     -0.0335      0.0373
   -20     -0.0013      0.0191     -0.0655     -0.0388      0.0363
   -19     -0.0036      0.0201     -0.1795     -0.0429      0.0357
   -18     -0.0044      0.0211     -0.2107     -0.0458      0.0369
   -17     -0.0048      0.0232     -0.2072     -0.0503      0.0407
   -16     -0.0048      0.0246     -0.1965     -0.0530      0.0433
   -15     -0.0061      0.0249     -0.2453     -0.0550      0.0427
   -14     -0.0072      0.0257     -0.2813     -0.0576      0.0432
   -13     -0.0078      0.0265     -0.2934     -0.0597      0.0442
   -12     -0.0079      0.0267     -0.2970     -0.0604      0.0445
   -11     -0.0078      0.0281     -0.2766     -0.0629      0.0474
   -10     -0.0067      0.0277     -0.2407     -0.0610      0.0477
    -9     -0.0065      0.0275     -0.2352     -0.0603      0.0474
    -8     -0.0073      0.0299     -0.2437     -0.0660      0.0514
    -7     -0.0093      0.0308     -0.3039     -0.0696      0.0509
    -6     -0.0087      0.0318     -0.2739     -0.0710      0.0536
    -5     -0.0085      0.0324     -0.2634     -0.0720      0.0549
    -4     -0.0060      0.0323     -0.1860     -0.0693      0.0573
    -3     -0.0075      0.0316     -0.2367     -0.0694      0.0544
    -2     -0.0089      0.0322     -0.2752     -0.0720      0.0543
    -1     -0.0073      0.0329     -0.2210     -0.0718      0.0572
     0      0.0065      0.0385      0.1686     -0.0690      0.0820
     1      0.0202      0.0423      0.4781     -0.0627      0.1031
     2      0.0208      0.0447      0.4640     -0.0669      0.1084
     3      0.0197      0.0445      0.4434     -0.0675      0.1070
     4      0.0199      0.0442      0.4499     -0.0668      0.1066
     5      0.0226      0.0436      0.5195     -0.0628      0.1080
     6      0.0239      0.0437      0.5482     -0.0616      0.1095
     7      0.0244      0.0440      0.5541     -0.0618      0.1105
     8      0.0235      0.0441      0.5337     -0.0629      0.1100
     9      0.0248      0.0455      0.5451     -0.0643      0.1139
    10      0.0261      0.0443      0.5898     -0.0607      0.1129
    11      0.0253      0.0444      0.5704     -0.0618      0.1125
    12      0.0268      0.0456      0.5892     -0.0624      0.1161
    13      0.0272      0.0461      0.5896     -0.0631      0.1175
    14      0.0281      0.0463      0.6063     -0.0627      0.1188
    15      0.0291      0.0470      0.6201     -0.0630      0.1213
    16      0.0285      0.0464      0.6146     -0.0624      0.1193
    17      0.0271      0.0473      0.5741     -0.0655      0.1198
    18      0.0252      0.0484      0.5201     -0.0696      0.1199
    19      0.0226      0.0482      0.4684     -0.0719      0.1170
    20      0.0203      0.0479      0.4233     -0.0737      0.1142
    21      0.0181      0.0467      0.3869     -0.0734      0.1096
    22      0.0163      0.0468      0.3494     -0.0754      0.1080
    23      0.0191      0.0485      0.3926     -0.0761      0.1142
    24      0.0199      0.0483      0.4117     -0.0748      0.1146
    25      0.0198      0.0482      0.4101     -0.0748      0.1143
    26      0.0203      0.0482      0.4210     -0.0742      0.1148
    27      0.0217      0.0498      0.4354     -0.0760      0.1194
    28      0.0219      0.0506      0.4323     -0.0773      0.1210
    29      0.0210      0.0508      0.4136     -0.0786      0.1207
    30      0.0195      0.0513      0.3800     -0.0810      0.1199

--- Statistics for Group: meet ---

AAR Statistics:
   Day   E[AAR(t)]  AAR-STD(t)      t-stat95% CI Lower95% CI Upper
   -29      0.0015      0.0044      0.3369     -0.0072      0.0102
   -28      0.0008      0.0035      0.2406     -0.0059      0.0076
   -27      0.0011      0.0036      0.3043     -0.0059      0.0081
   -26      0.0027      0.0037      0.7226     -0.0046      0.0099
   -25      0.0009      0.0044      0.1992     -0.0078      0.0095
   -24      0.0008      0.0034      0.2307     -0.0060      0.0076
   -23     -0.0001      0.0037     -0.0134     -0.0074      0.0073
   -22      0.0003      0.0027      0.1248     -0.0049      0.0056
   -21     -0.0000      0.0039     -0.0080     -0.0076      0.0076
   -20     -0.0013      0.0039     -0.3205     -0.0090      0.0065
   -19      0.0001      0.0042      0.0211     -0.0082      0.0083
   -18      0.0002      0.0041      0.0488     -0.0078      0.0082
   -17     -0.0002      0.0051     -0.0298     -0.0101      0.0098
   -16     -0.0004      0.0048     -0.0769     -0.0098      0.0090
   -15      0.0009      0.0046      0.1866     -0.0082      0.0099
   -14      0.0011      0.0056      0.1925     -0.0100      0.0121
   -13      0.0015      0.0038      0.3973     -0.0060      0.0090
   -12     -0.0002      0.0037     -0.0501     -0.0074      0.0070
   -11      0.0011      0.0035      0.3220     -0.0058      0.0081
   -10     -0.0011      0.0048     -0.2279     -0.0104      0.0082
    -9      0.0017      0.0043      0.3881     -0.0067      0.0100
    -8     -0.0010      0.0044     -0.2400     -0.0096      0.0075
    -7      0.0009      0.0049      0.1829     -0.0087      0.0105
    -6      0.0010      0.0034      0.2804     -0.0057      0.0076
    -5     -0.0008      0.0053     -0.1485     -0.0113      0.0097
    -4      0.0017      0.0047      0.3602     -0.0076      0.0110
    -3     -0.0005      0.0048     -0.1053     -0.0100      0.0090
    -2     -0.0003      0.0043     -0.0585     -0.0087      0.0082
    -1      0.0013      0.0055      0.2338     -0.0094      0.0120
     0      0.0038      0.0112      0.3377     -0.0182      0.0258
     1     -0.0050      0.0139     -0.3637     -0.0322      0.0221
     2      0.0001      0.0061      0.0095     -0.0119      0.0120
     3      0.0018      0.0053      0.3476     -0.0085      0.0121
     4     -0.0016      0.0052     -0.3137     -0.0119      0.0086
     5      0.0015      0.0040      0.3670     -0.0063      0.0093
     6      0.0021      0.0051      0.4085     -0.0080      0.0122
     7      0.0021      0.0039      0.5458     -0.0056      0.0099
     8     -0.0014      0.0044     -0.3137     -0.0101      0.0073
     9      0.0003      0.0040      0.0625     -0.0076      0.0081
    10      0.0003      0.0035      0.0896     -0.0065      0.0072
    11      0.0002      0.0043      0.0449     -0.0082      0.0086
    12     -0.0017      0.0036     -0.4559     -0.0088      0.0055
    13     -0.0005      0.0037     -0.1238     -0.0078      0.0069
    14     -0.0012      0.0038     -0.3186     -0.0087      0.0062
    15      0.0016      0.0069      0.2376     -0.0118      0.0151
    16      0.0004      0.0035      0.1083     -0.0066      0.0073
    17      0.0010      0.0041      0.2411     -0.0070      0.0089
    18     -0.0031      0.0037     -0.8458     -0.0104      0.0041
    19     -0.0017      0.0038     -0.4440     -0.0090      0.0057
    20     -0.0001      0.0046     -0.0271     -0.0091      0.0088
    21     -0.0030      0.0048     -0.6328     -0.0124      0.0064
    22     -0.0022      0.0047     -0.4696     -0.0115      0.0071
    23     -0.0015      0.0033     -0.4451     -0.0078      0.0049
    24      0.0000      0.0044      0.0108     -0.0086      0.0087
    25     -0.0014      0.0033     -0.4433     -0.0078      0.0049
    26     -0.0008      0.0041     -0.1944     -0.0088      0.0072
    27      0.0005      0.0045      0.1189     -0.0083      0.0094
    28     -0.0001      0.0044     -0.0202     -0.0087      0.0086
    29     -0.0020      0.0041     -0.4943     -0.0101      0.0060
    30     -0.0009      0.0038     -0.2252     -0.0083      0.0066

CAAR Statistics:
   Day  E[CAAR(t)] CAAR-STD(t)      t-stat95% CI Lower95% CI Upper
   -29      0.0015      0.0044      0.3369     -0.0072      0.0102
   -28      0.0023      0.0056      0.4144     -0.0087      0.0133
   -27      0.0034      0.0072      0.4753     -0.0106      0.0174
   -26      0.0061      0.0085      0.7136     -0.0106      0.0227
   -25      0.0069      0.0091      0.7607     -0.0110      0.0249
   -24      0.0077      0.0088      0.8825     -0.0095      0.0249
   -23      0.0077      0.0101      0.7623     -0.0121      0.0275
   -22      0.0080      0.0108      0.7441     -0.0131      0.0292
   -21      0.0080      0.0108      0.7414     -0.0131      0.0291
   -20      0.0067      0.0111      0.6040     -0.0151      0.0286
   -19      0.0068      0.0125      0.5450     -0.0177      0.0313
   -18      0.0070      0.0127      0.5524     -0.0179      0.0319
   -17      0.0069      0.0157      0.4369     -0.0239      0.0377
   -16      0.0065      0.0175      0.3715     -0.0278      0.0408
   -15      0.0074      0.0180      0.4094     -0.0279      0.0426
   -14      0.0084      0.0209      0.4047     -0.0325      0.0493
   -13      0.0100      0.0216      0.4622     -0.0323      0.0522
   -12      0.0098      0.0221      0.4433     -0.0335      0.0530
   -11      0.0109      0.0218      0.5014     -0.0318      0.0536
   -10      0.0098      0.0225      0.4374     -0.0342      0.0539
    -9      0.0115      0.0232      0.4952     -0.0340      0.0570
    -8      0.0104      0.0238      0.4383     -0.0363      0.0572
    -7      0.0113      0.0255      0.4443     -0.0387      0.0614
    -6      0.0123      0.0258      0.4759     -0.0383      0.0629
    -5      0.0115      0.0265      0.4343     -0.0404      0.0634
    -4      0.0132      0.0263      0.5018     -0.0384      0.0648
    -3      0.0127      0.0275      0.4610     -0.0413      0.0667
    -2      0.0124      0.0281      0.4431     -0.0426      0.0675
    -1      0.0137      0.0292      0.4701     -0.0435      0.0709
     0      0.0175      0.0319      0.5486     -0.0451      0.0801
     1      0.0125      0.0367      0.3404     -0.0594      0.0843
     2      0.0125      0.0369      0.3401     -0.0597      0.0848
     3      0.0144      0.0368      0.3901     -0.0578      0.0865
     4      0.0127      0.0379      0.3363     -0.0615      0.0869
     5      0.0142      0.0369      0.3847     -0.0581      0.0865
     6      0.0163      0.0362      0.4503     -0.0546      0.0872
     7      0.0184      0.0378      0.4877     -0.0557      0.0926
     8      0.0170      0.0368      0.4636     -0.0550      0.0891
     9      0.0173      0.0366      0.4722     -0.0545      0.0891
    10      0.0176      0.0371      0.4743     -0.0552      0.0904
    11      0.0178      0.0391      0.4552     -0.0589      0.0945
    12      0.0162      0.0390      0.4139     -0.0603      0.0926
    13      0.0157      0.0385      0.4072     -0.0598      0.0912
    14      0.0145      0.0382      0.3789     -0.0604      0.0894
    15      0.0161      0.0397      0.4057     -0.0617      0.0939
    16      0.0165      0.0399      0.4130     -0.0618      0.0948
    17      0.0175      0.0403      0.4334     -0.0616      0.0965
    18      0.0143      0.0405      0.3536     -0.0651      0.0938
    19      0.0127      0.0411      0.3083     -0.0679      0.0932
    20      0.0125      0.0394      0.3181     -0.0647      0.0898
    21      0.0095      0.0395      0.2412     -0.0678      0.0868
    22      0.0073      0.0398      0.1833     -0.0706      0.0852
    23      0.0058      0.0399      0.1463     -0.0723      0.0840
    24      0.0059      0.0404      0.1457     -0.0733      0.0850
    25      0.0044      0.0406      0.1093     -0.0751      0.0840
    26      0.0036      0.0418      0.0872     -0.0782      0.0855
    27      0.0042      0.0414      0.1009     -0.0770      0.0854
    28      0.0041      0.0431      0.0949     -0.0804      0.0886
    29      0.0021      0.0445      0.0463     -0.0852      0.0893
    30      0.0012      0.0449      0.0269     -0.0869      0.0893

--- Statistics for Group: miss ---

AAR Statistics:
   Day   E[AAR(t)]  AAR-STD(t)      t-stat95% CI Lower95% CI Upper
   -29      0.0046      0.0043      1.0623     -0.0039      0.0130
   -28      0.0009      0.0052      0.1758     -0.0094      0.0112
   -27      0.0006      0.0045      0.1358     -0.0081      0.0093
   -26      0.0009      0.0054      0.1743     -0.0096      0.0115
   -25      0.0010      0.0059      0.1760     -0.0105      0.0126
   -24     -0.0006      0.0055     -0.1181     -0.0113      0.0100
   -23      0.0006      0.0051      0.1081     -0.0094      0.0105
   -22     -0.0022      0.0060     -0.3645     -0.0140      0.0096
   -21     -0.0026      0.0065     -0.4059     -0.0153      0.0100
   -20     -0.0009      0.0059     -0.1584     -0.0126      0.0107
   -19     -0.0018      0.0058     -0.3060     -0.0132      0.0096
   -18     -0.0023      0.0054     -0.4329     -0.0129      0.0083
   -17     -0.0005      0.0067     -0.0814     -0.0138      0.0127
   -16     -0.0063      0.0165     -0.3808     -0.0385      0.0260
   -15      0.0004      0.0051      0.0820     -0.0096      0.0105
   -14     -0.0028      0.0056     -0.4939     -0.0137      0.0082
   -13      0.0012      0.0060      0.2027     -0.0106      0.0130
   -12      0.0001      0.0051      0.0289     -0.0099      0.0102
   -11     -0.0032      0.0058     -0.5577     -0.0146      0.0082
   -10     -0.0005      0.0055     -0.0934     -0.0114      0.0103
    -9     -0.0002      0.0056     -0.0323     -0.0111      0.0107
    -8      0.0031      0.0064      0.4862     -0.0094      0.0155
    -7     -0.0005      0.0044     -0.1172     -0.0091      0.0080
    -6      0.0048      0.0048      1.0093     -0.0046      0.0142
    -5     -0.0007      0.0061     -0.1086     -0.0125      0.0112
    -4      0.0005      0.0049      0.1037     -0.0090      0.0101
    -3     -0.0011      0.0040     -0.2762     -0.0089      0.0067
    -2     -0.0020      0.0050     -0.3908     -0.0118      0.0079
    -1     -0.0036      0.0074     -0.4940     -0.0181      0.0108
     0     -0.0122      0.0125     -0.9738     -0.0368      0.0124
     1     -0.0143      0.0192     -0.7460     -0.0520      0.0233
     2     -0.0021      0.0055     -0.3842     -0.0130      0.0087
     3     -0.0028      0.0063     -0.4496     -0.0152      0.0095
     4      0.0011      0.0050      0.2222     -0.0088      0.0110
     5      0.0015      0.0060      0.2434     -0.0103      0.0132
     6     -0.0009      0.0061     -0.1480     -0.0130      0.0111
     7     -0.0007      0.0067     -0.0988     -0.0139      0.0126
     8      0.0001      0.0054      0.0187     -0.0104      0.0106
     9     -0.0020      0.0058     -0.3367     -0.0134      0.0095
    10      0.0006      0.0040      0.1484     -0.0073      0.0085
    11     -0.0001      0.0045     -0.0332     -0.0089      0.0086
    12     -0.0004      0.0070     -0.0538     -0.0141      0.0133
    13     -0.0025      0.0041     -0.6239     -0.0106      0.0055
    14     -0.0033      0.0045     -0.7412     -0.0122      0.0055
    15     -0.0032      0.0050     -0.6456     -0.0131      0.0066
    16     -0.0019      0.0062     -0.3127     -0.0140      0.0102
    17     -0.0028      0.0058     -0.4865     -0.0142      0.0086
    18      0.0005      0.0068      0.0758     -0.0128      0.0138
    19     -0.0016      0.0066     -0.2401     -0.0145      0.0113
    20     -0.0006      0.0072     -0.0897     -0.0148      0.0135
    21     -0.0000      0.0042     -0.0072     -0.0083      0.0082
    22      0.0012      0.0059      0.2010     -0.0103      0.0127
    23     -0.0010      0.0062     -0.1655     -0.0131      0.0111
    24     -0.0003      0.0050     -0.0702     -0.0101      0.0094
    25      0.0009      0.0058      0.1617     -0.0104      0.0123
    26     -0.0002      0.0049     -0.0446     -0.0099      0.0094
    27     -0.0015      0.0047     -0.3270     -0.0108      0.0077
    28     -0.0008      0.0053     -0.1519     -0.0111      0.0095
    29     -0.0018      0.0046     -0.3798     -0.0109      0.0073
    30     -0.0008      0.0045     -0.1716     -0.0095      0.0080

CAAR Statistics:
   Day  E[CAAR(t)] CAAR-STD(t)      t-stat95% CI Lower95% CI Upper
   -29      0.0046      0.0043      1.0623     -0.0039      0.0130
   -28      0.0055      0.0063      0.8704     -0.0069      0.0179
   -27      0.0061      0.0082      0.7411     -0.0100      0.0222
   -26      0.0070      0.0092      0.7630     -0.0110      0.0251
   -25      0.0081      0.0106      0.7630     -0.0127      0.0288
   -24      0.0074      0.0123      0.6014     -0.0168      0.0316
   -23      0.0080      0.0139      0.5757     -0.0192      0.0351
   -22      0.0058      0.0158      0.3661     -0.0251      0.0367
   -21      0.0032      0.0168      0.1879     -0.0297      0.0360
   -20      0.0022      0.0179      0.1238     -0.0328      0.0372
   -19      0.0004      0.0174      0.0250     -0.0337      0.0345
   -18     -0.0019      0.0181     -0.1052     -0.0374      0.0336
   -17     -0.0025      0.0184     -0.1331     -0.0386      0.0337
   -16     -0.0087      0.0267     -0.3269     -0.0610      0.0436
   -15     -0.0083      0.0282     -0.2946     -0.0636      0.0469
   -14     -0.0111      0.0289     -0.3821     -0.0678      0.0457
   -13     -0.0098      0.0289     -0.3405     -0.0665      0.0468
   -12     -0.0097      0.0299     -0.3241     -0.0683      0.0489
   -11     -0.0129      0.0314     -0.4118     -0.0745      0.0486
   -10     -0.0135      0.0302     -0.4454     -0.0726      0.0457
    -9     -0.0136      0.0293     -0.4659     -0.0710      0.0437
    -8     -0.0105      0.0297     -0.3546     -0.0688      0.0477
    -7     -0.0111      0.0308     -0.3584     -0.0715      0.0494
    -6     -0.0062      0.0311     -0.1998     -0.0672      0.0548
    -5     -0.0069      0.0321     -0.2141     -0.0698      0.0560
    -4     -0.0064      0.0327     -0.1950     -0.0704      0.0576
    -3     -0.0075      0.0339     -0.2203     -0.0739      0.0590
    -2     -0.0094      0.0347     -0.2714     -0.0775      0.0586
    -1     -0.0131      0.0361     -0.3619     -0.0838      0.0577
     0     -0.0253      0.0372     -0.6798     -0.0981      0.0476
     1     -0.0396      0.0374     -1.0589     -0.1129      0.0337
     2     -0.0417      0.0379     -1.1019     -0.1159      0.0325
     3     -0.0446      0.0384     -1.1601     -0.1198      0.0307
     4     -0.0434      0.0380     -1.1432     -0.1179      0.0310
     5     -0.0420      0.0387     -1.0836     -0.1179      0.0340
     6     -0.0429      0.0394     -1.0872     -0.1202      0.0344
     7     -0.0436      0.0390     -1.1177     -0.1199      0.0328
     8     -0.0435      0.0412     -1.0551     -0.1242      0.0373
     9     -0.0454      0.0421     -1.0795     -0.1279      0.0371
    10     -0.0448      0.0425     -1.0552     -0.1281      0.0384
    11     -0.0450      0.0418     -1.0768     -0.1268      0.0369
    12     -0.0454      0.0418     -1.0854     -0.1272      0.0365
    13     -0.0479      0.0440     -1.0875     -0.1342      0.0384
    14     -0.0512      0.0448     -1.1445     -0.1390      0.0365
    15     -0.0545      0.0456     -1.1941     -0.1439      0.0349
    16     -0.0564      0.0449     -1.2577     -0.1443      0.0315
    17     -0.0592      0.0444     -1.3330     -0.1463      0.0279
    18     -0.0587      0.0441     -1.3309     -0.1452      0.0278
    19     -0.0603      0.0461     -1.3087     -0.1506      0.0300
    20     -0.0610      0.0462     -1.3204     -0.1514      0.0295
    21     -0.0610      0.0460     -1.3261     -0.1511      0.0292
    22     -0.0598      0.0456     -1.3114     -0.1492      0.0296
    23     -0.0608      0.0464     -1.3111     -0.1518      0.0301
    24     -0.0612      0.0475     -1.2868     -0.1544      0.0320
    25     -0.0602      0.0476     -1.2667     -0.1535      0.0330
    26     -0.0605      0.0475     -1.2740     -0.1535      0.0326
    27     -0.0620      0.0484     -1.2810     -0.1569      0.0329
    28     -0.0628      0.0499     -1.2580     -0.1607      0.0351
    29     -0.0646      0.0494     -1.3066     -0.1615      0.0323
    30     -0.0653      0.0501     -1.3041     -0.1636      0.0329

--- Sector Summary Report ---
---------------------------------------------------------------------------------------------------------
Sector                                  Total  Excluded  Included      Beat      Meet      Miss
---------------------------------------------------------------------------------------------------------
Communication                             102         4        98        33        33        32
Consumer Discretionary                    275        10       265        89        88        88
Consumer Staples                           88         2        86        29        29        28
Energy                                    114         4       110        37        37        36
Financials                                434        16       418       140       139       139
Health Care                               408        16       392       131       131       130
Industrials                               363        14       349       117       116       116
Information Technology                    302        12       290        97        97        96
Materials                                 112         4       108        36        36        36
Real Estate                               136         4       132        44        44        44
Utilities                                  64         2        62        21        21        20
---------------------------------------------------------------------------------------------------------
All Sectors                              2398        88      2310       774       771       765
---------------------------------------------------------------------------------------------------------
